
============================================================
 Final Classification Report
============================================================

[ Per-Class Report ]
              precision    recall  f1-score   support

           0     0.4398    0.6540    0.5259      1000
           1     0.6347    0.7940    0.7055      1000
           2     0.4978    0.3380    0.4026      1000
           3     0.4218    0.2940    0.3465      1000
           4     0.5083    0.3370    0.4053      1000
           5     0.5162    0.4620    0.4876      1000
           6     0.7116    0.6020    0.6522      1000
           7     0.6495    0.5300    0.5837      1000
           8     0.5693    0.7850    0.6599      1000
           9     0.4810    0.6190    0.5413      1000

    accuracy                         0.5415     10000
   macro avg     0.5430    0.5415    0.5311     10000
weighted avg     0.5430    0.5415    0.5311     10000

[ F1 Score ]
  Macro    F1 : 0.5311
  Weighted F1 : 0.5311

[ AUC (OvR) ]
  Macro    AUC : 0.8934
  Weighted AUC : 0.8934

[ Confusion Matrix ] (shape: (10, 10))
[[654  44  67  29  11   5  11  12 128  39]
 [ 22 794  15  18   9   8  17  14  42  61]
 [211  36 338  53  62  64  64  28  88  56]
 [ 96  32  59 294  51 167  44  34  90 133]
 [181  39  60  53 337  72  52  95  64  47]
 [ 91  24  39 136  42 462  17  46  52  91]
 [ 61  43  47  36  59  27 602  12  40  73]
 [ 91  27  17  34  67  66   4 530  29 135]
 [ 49  47  22  21  10   8  17   8 785  33]
 [ 31 165  15  23  15  16  18  37  61 619]]
============================================================