
============================================================
 Final Classification Report
============================================================

[ Per-Class Report ]
              precision    recall  f1-score   support

           0     0.0000    0.0000    0.0000         0
           1     0.0000    0.0000    0.0000         0
           2     0.4273    0.7231    0.5372      1524
           3     0.7297    0.0179    0.0349      1511
           4     0.3766    0.7416    0.4995      1490
           5     0.5300    0.5020    0.5156      1514
           6     0.8986    0.3142    0.4657      1467
           7     0.6555    0.6519    0.6537      1494
           8     0.0000    0.0000    0.0000         0
           9     0.0000    0.0000    0.0000         0

    accuracy                         0.4921      9000
   macro avg     0.3618    0.2951    0.2707      9000
weighted avg     0.6017    0.4921    0.4507      9000

[ F1 Score ]
  Macro    F1 : 0.2707
  Weighted F1 : 0.4507

[ AUC ] 计算失败: Number of classes in y_true not equal to the number of columns in 'y_score'

[ Confusion Matrix ] (shape: (10, 10))
[[   0    0    0    0    0    0    0    0    0    0]
 [   0    0    0    0    0    0    0    0    0    0]
 [   0    0 1102    2  276   63   19   60    1    1]
 [   1    1  441   27  499  398   15  125    2    2]
 [   0    0  194    0 1105   54    3  134    0    0]
 [   0    1  283    6  281  760   15  164    3    1]
 [   1    1  454    2  430   88  461   29    1    0]
 [   0    0  105    0  343   71    0  974    1    0]
 [   0    0    0    0    0    0    0    0    0    0]
 [   0    0    0    0    0    0    0    0    0    0]]
============================================================