
============================================================
 Final Classification Report
============================================================

[ Per-Class Report ]
              precision    recall  f1-score   support

           0     0.5963    0.5110    0.5504      1000
           1     0.5877    0.5560    0.5714      1000
           2     0.3944    0.3080    0.3459      1000
           3     0.3308    0.4350    0.3758      1000
           4     0.4850    0.3080    0.3768      1000
           5     0.4883    0.3540    0.4104      1000
           6     0.5072    0.7090    0.5913      1000
           7     0.4166    0.7070    0.5243      1000
           8     0.5520    0.6480    0.5961      1000
           9     0.6419    0.3030    0.4117      1000

    accuracy                         0.4839     10000
   macro avg     0.5000    0.4839    0.4754     10000
weighted avg     0.5000    0.4839    0.4754     10000

[ F1 Score ]
  Macro    F1 : 0.4754
  Weighted F1 : 0.4754

[ AUC (OvR) ]
  Macro    AUC : 0.8752
  Weighted AUC : 0.8752

[ Confusion Matrix ] (shape: (10, 10))
[[511  41  77  52  34   5  36  56 176  12]
 [ 27 556  35  50  23   2  56  99  87  65]
 [ 80  24 308 118  87  79 135 123  40   6]
 [ 29  16  60 435  28 129 138 115  25  25]
 [ 41  14 119  89 308  46 138 210  29   6]
 [ 19  10  62 280  37 354  48 154  27   9]
 [  1  17  45 102  43  25 709  47   9   2]
 [ 19  10  19  85  33  67  24 707  14  22]
 [ 96  56  40  31  30  10  39  28 648  22]
 [ 34 202  16  73  12   8  75 158 119 303]]
============================================================